0,612
412,317
412,316
412,328
412,326
412,315
0,611
412,314
412,327
412,313
412,325
412,312
0,610
0,609
412,324
413,141
0,608
413,265
0,607
412,311
0,606
0,605
413,37
0,604
0,603
412,310
0,602
413,140
413,36
412,323
413,139
413,128
412,322
413,264
413,138
413,137
412,321
412,309
412,308
0,601
0,600
412,307
412,306
412,255
0,599
0,598
413,263
412,305
412,254
0,597
412,304
412,303
412,302
412,253
412,301
0,596
412,384
412,252
412,300
412,299
413,135
412,250
0,595
413,262
412,298
412,297
0,594
412,251
412,320
412,249
0,593
412,296
412,248
412,295
413,261
412,294
412,247
412,293
0,592
412,246
413,136
413,131
412,292
412,291
413,260
413,132
412,290
412,289
0,591
412,245
412,288
412,244
413,134
413,5
412,287
412,286
412,285
412,241
0,590
413,259
0,589
412,284
413,133
413,129
0,588
412,243
412,242
412,240
412,283
413,25
413,27
412,282
412,239
0,587
0,586
0,585
412,237
413,258
412,281
412,280
412,279
412,278
412,238
412,277
0,583
0,582
412,236
413,257
412,235
413,130
413,18
412,233
412,276
413,61
0,581
412,275
412,274
413,19
0,580
412,273
413,256
412,234
412,232
0,579
0,578
412,231
0,577
412,272
412,271
412,230
0,576
0,319
0,318
412,227
0,317
413,68
412,270
0,316
412,269
412,268
0,315
412,267
0,314
413,67
413,15
412,229
412,228
412,226
0,313
413,66
412,266
412,265
412,264
412,223
412,263
412,262
412,261
413,65
413,17
413,64
413,51
0,312
0,311
412,260
412,225
412,224
412,222
412,259
0,310
0,309
412,221
413,63
413,30
412,258
0,308
412,257
413,62
0,307
413,49
0,301
412,127
412,126
412,220
412,125
412,219
413,60
413,32
412,124
412,123
413,59
412,218
413,58
413,12
413,57
412,217
413,31
0,1023
413,56
413,11
0,1022
412,122
412,212
412,121
412,120
412,119
412,118
0,1021
413,55
412,117
412,216
412,215
412,214
412,213
413,54
413,28
412,211
412,256
412,116
412,115
412,209
412,114
413,53
0,1020
0,1019
412,113
412,112
412,111
412,210
412,208
412,110
413,52
412,109
412,207
412,108
412,107
412,106
412,206
0,1018
0,1017
412,204
0,1016
413,40
413,50
412,105
0,1015
0,1014
0,1013
412,205
412,203
0,1012
412,104
0,1011
412,202
412,103
413,41
0,1010
0,1009
0,1008
413,48
412,102
0,1007
412,101
0,1006
412,201
412,100
0,1005
0,1004
412,99
0,1003
0,1002
0,1001
412,200
412,98
412,97
412,96
412,199
413,47
412,198
412,95
412,94
0,1000
412,93
412,197
412,92
413,46
0,999
413,45
412,196
413,44
412,91
412,195
412,90
0,998
412,193
413,43
412,89
0,997
412,88
412,194
412,192
412,87
412,131
413,42
412,86
413,8
413,7
412,85
0,996
412,84
412,83
412,82
412,129
0,995
0,994
413,39
0,993
0,992
0,991
412,81
412,130
412,128
412,80
412,79
412,17
0,990
412,78
413,38
0,989
0,988
412,140
412,11
0,987
0,986
0,985
412,10
412,77
0,984
412,76
412,75
412,74
0,983
0,982
413,35
0,981
412,7
412,73
0,980
0,979
0,978
412,72
412,5
412,71
413,34
412,70
0,977
412,69
412,68
0,976
0,975
0,974
412,67
412,62
412,66
413,33
412,65
412,63
412,58
412,64
412,61
412,60
412,59
412,53
0,973
412,57
413,29
412,56
412,55
412,54
412,48
413,26
0,972
412,52
412,51
412,50
412,49
412,43
0,971
413,24
0,970
412,47
412,46
0,969
412,45
412,44
412,42
412,18
413,23
412,25
0,968
0,967
0,966
412,38
412,41
0,965
412,40
413,22
412,39
412,35
412,37
413,21
412,36
412,33
0,964
412,34
0,963
412,29
412,32
413,20
412,31
412,30
412,27
412,28
413,16
412,26
412,22
0,962
0,961
413,14
412,24
0,960
412,23
0,383
412,21
413,13
412,20
412,19
412,12
413,10
412,8
412,16
412,15
412,14
412,13
412,9
413,9
413,4
0,382
0,381
0,380
0,379
0,378
0,377
0,376
283,4
289,51
289,39
0,375
0,374
289,50
257,2
256,3
256,2
255,3
255,2
254,4
254,3
254,2
253,3
253,2
252,3
252,2
251,6
251,5
251,4
251,3
251,2
250,13
250,12
250,11
250,10
250,9
250,7
250,6
250,5
250,4
250,3
250,1
289,47
242,3
241,3
239,4
239,3
238,4
238,3
289,3
237,9
237,8
237,7
237,6
237,5
237,4
237,3
237,2
236,4
236,3
235,6
235,5
235,4
235,3
4,3
2,68
2,66
2,65
2,64
2,35
2,32
2,31
2,30
2,29
2,27
2,26
2,25
2,23
2,22
2,21
2,20
2,19
2,18
2,17
2,16
2,15
2,14
2,13
2,12
2,11
2,10
2,9
2,8
2,7
2,6
2,5
2,4
2,3
1,5
1,4
1,3
0,951
0,937
0,895
0,767
0,703
0,702
0,640
0,535
0,534
0,500
0,497
0,494
0,478
0,466
0,461
0,458
0,454
0,453
0,402
0,9
0,0
0,1
0,584
0,480
0,459
0,455
0,449
0,323
0,300
0,747
0,299
0,753
0,298
0,733
0,297
0,843
0,296
0,320
0,295
0,370
0,294
0,339
0,293
0,709
0,292
0,333
0,291
0,495
0,290
0,350
0,289
0,760
0,288
0,367
0,287
0,366
0,286
0,332
0,285
0,346
0,284
0,732
0,283
0,282
0,959
0,281
0,873
0,280
0,364
0,279
0,363
0,278
0,362
0,277
0,357
0,276
0,358
0,275
0,751
0,274
0,330
0,273
0,763
0,272
0,329
0,271
257,3
257,4
257,6
257,7
257,9
257,10
257,12
258,3
260,3
260,6
265,3
270,4
270,6
270,7
270,9
271,3
271,5
272,3
275,3
282,3
282,4
283,5
283,7
283,9
284,3
284,5
284,6
286,3
287,2
287,4
287,6
289,0
289,2
289,4
289,6
289,8
289,9
289,11
289,12
289,14
289,15
289,17
289,19
289,20
289,22
289,23
289,25
289,27
289,28
289,30
289,31
289,33
289,35
289,36
289,38
289,41
289,42
289,44
289,46
289,48
293,4
294,3
294,5
295,4
296,3
297,3
298,3
299,2
299,3
299,5
299,7
299,8
300,2
300,3
300,5
301,5
303,2
304,3
304,4
304,8
307,3
310,2
310,4
310,5
310,7
311,3
311,5
312,3
313,3
315,3
315,4
315,6
317,4
318,3
318,5
318,6
319,3
319,4
319,6
319,8
319,9
320,3
321,3
322,3
324,4
325,3
326,3
326,4
326,6
327,1
327,4
327,6
327,7
327,9
327,10
327,12
328,3
329,3
329,5
329,6
336,3
337,3
337,5
338,4
338,5
338,7
338,8
338,10
338,12
338,13
339,2
339,3
340,3
341,3
342,4
344,5
344,6
346,4
347,3
347,5
348,4
348,5
350,2
350,3
352,3
353,3
354,3
356,4
357,3
358,3
358,4
358,6
359,4
360,2
360,4
360,5
360,7
361,2
361,3
361,5
362,2
362,4
362,5
369,3
376,3
377,3
378,3
378,4
378,6
378,8
378,9
378,11
378,12
378,14
378,15
380,2
380,4
380,5
381,4
400,3
402,2
402,4
403,3
404,3
405,3
408,4
414,3
414,4
416,3
416,4
416,6
425,3
425,8
443,3
444,3
444,5
446,3
449,3
450,4
450,6
452,3
452,4
453,4
453,5
454,4
456,4
459,3
467,3
467,4
468,3
469,4
470,3
478,3
498,3
501,3
502,3
504,3
507,3
508,3
510,3
511,3
513,3
515,3
515,4
517,3
520,3
522,3
532,3
534,3
536,3
539,3
539,5
539,6
539,8
540,13
540,14
588,3
787,3
787,5
21993,4
21993,5
21993,7
21993,8
21993,10
21993,11
21993,13
21993,15
21993,16
21993,18
21993,19
21993,21
21994,4
21994,5
21994,8
21994,9
21994,11
21994,12
21995,3
21995,6
21995,7
21995,11
21995,12
21995,14
21995,17
21995,19
21995,21
21995,22
21995,25
21995,26
21995,29
21996,1
21996,3
21996,6
21996,7
21996,9
21996,11
21996,12
21996,14
21996,15
21996,17
21996,19
21996,22
21996,24
21996,25
21996,27
21996,28
21996,31
21996,33
21996,34
21996,36
21996,37
21996,39
21996,46
21996,47
21996,65
21996,66
21996,68
21996,69
21996,71
21996,73
21996,74
21996,76
21996,77
21997,4
21997,6
21998,3
21999,4
21999,6
21999,8
22000,3
22000,5
22000,7
22000,8
22000,10
22000,11
22001,4
22001,6
22001,7
22002,4
22002,5
22002,8
22002,10
22002,11
22002,13
22003,3
22004,3
22005,2
22005,4
22006,3
22008,3
22010,3
22011,3
22014,1
22014,4
22014,5
22014,7
22014,8
22014,10
22014,11
22014,13
22014,15
22014,16
22014,18
22014,19
22014,21
22014,23
22014,24
22014,26
22014,27
22014,29
22014,30
22014,32
22014,34
22014,35
22015,7
22015,8
22015,10
22015,12
22015,14
22015,17
22015,18
22015,20
22015,21
22015,23
22015,25
22015,26
22015,28
22016,3
22017,3
22024,3
22024,4
23693,4
23695,3
23695,5
23697,3
23697,4
23698,3
23698,5
23699,5
23700,1
23700,4
23700,7
23700,8
23700,10
23700,11
23700,13
23700,15
23700,16
23700,18
23700,19
23700,21
23700,22
23700,25
23700,27
23700,28
23700,30
23700,31
23700,33
23701,3
23701,4
23701,6
23701,7
23701,9
23701,10
23701,12
23701,14
23701,15
23701,17
23701,18
23702,1
23702,4
23702,5
23702,7
23702,8
23702,10
23703,3
23703,4
23703,6
23703,7
23703,10
25455,0
25455,2
25455,4
25455,5
289,49
2,28
458,5
436,3
436,4
240,3
413,3
413,6
504,2
0,243
412,6
21994,2
21993,2
412,1
412,2
412,0
413,1
413,0
446,5
412,4
413,2
21994,6
412,3
422,3
435,3
458,3
455,3
25457,3
25455,3
25455,1
23703,9
23703,5
23702,11
23702,9
23702,6
23702,3
23701,19
23701,16
23701,13
23701,11
23701,8
23701,5
23701,1
23700,32
23700,29
23700,26
23700,23
23700,20
23700,17
23700,14
23700,12
23700,9
23700,5
23700,3
23699,3
23697,5
23696,3
23695,4
23693,3
22017,4
22016,5
22015,27
22015,24
22015,22
22015,19
22015,16
22015,11
22015,9
22014,36
22014,33
22014,31
22014,28
22014,25
22014,22
22014,20
22014,17
22014,14
22014,12
22014,9
22014,6
22014,3
22011,4
22009,3
22005,5
22005,3
22003,4
22002,12
22002,9
22002,6
22002,3
22001,5
22001,3
22000,9
22000,6
22000,4
21999,7
21999,3
21997,5
21997,3
21996,75
21996,72
21996,70
21996,67
21996,64
21996,42
21996,38
21996,35
21996,32
21996,30
21996,26
21996,23
21996,18
21996,16
21996,13
21996,10
21996,8
21996,4
21995,30
21995,28
21995,24
21995,20
21995,16
21995,13
21995,8
21995,5
21995,1
21994,10
21994,7
21994,3
21993,20
21993,17
21993,14
21993,12
21993,9
21993,6
21993,3
787,4
540,15
539,9
539,7
539,4
535,3
533,3
521,3
515,5
515,2
512,3
509,3
505,3
502,4
499,3
471,3
469,3
467,5
463,3
456,3
454,3
453,3
451,3
450,3
448,3
444,4
434,3
425,7
416,5
415,3
411,3
408,3
403,4
402,3
401,3
381,3
380,3
378,16
378,13
378,10
378,7
378,5
378,2
370,3
362,6
362,3
361,4
360,8
360,6
360,3
359,3
358,5
358,2
356,3
352,4
351,3
349,3
348,3
347,4
346,3
344,3
342,3
339,4
338,14
338,11
338,9
338,6
338,3
337,4
330,3
329,4
327,13
327,11
327,8
327,5
327,3
326,5
326,2
323,3
321,4
319,10
319,7
319,5
318,7
318,4
317,3
315,5
314,3
312,2
311,4
310,6
310,3
308,3
304,7
303,3
301,3
300,4
299,9
299,6
299,4
298,4
296,4
295,3
294,4
293,3
289,45
289,43
289,40
289,37
289,34
289,32
289,29
289,26
289,24
289,21
289,18
289,16
289,13
289,10
289,7
289,5
289,1
287,5
287,3
285,3
284,4
283,8
283,6
283,3
279,3
274,3
271,4
270,8
270,5
270,3
260,4
257,13
257,11
257,8
257,5
0,757
0,270
0,365
0,269
0,356
0,268
0,739
0,267
0,349
0,266
0,322
0,265
0,756
0,264
0,754
0,263
0,750
0,262
0,338
0,261
0,719
0,260
0,833
0,259
0,355
0,258
0,344
0,257
0,720
0,256
0,345
0,255
0,706
0,254
0,710
0,253
0,369
0,252
0,328
0,251
0,321
0,250
0,354
0,249
0,248
0,476
0,247
0,368
0,246
0,348
0,245
0,487
0,244
0,758
0,242
0,464
0,241
0,240
0,239
0,336
0,238
0,736
0,237
0,491
0,236
0,331
0,235
0,738
0,234
0,718
0,233
0,371
0,232
0,337
0,231
0,712
0,230
0,341
0,229
0,468
0,228
0,504
0,227
0,335
0,226
0,347
0,225
0,373
0,224
0,882
0,223
0,711
0,222
0,326
0,221
0,327
0,220
0,726
0,219
0,463
0,218
0,707
0,217
0,735
0,216
0,744
0,215
0,343
0,214
0,725
0,213
0,742
0,212
0,729
0,211
0,762
0,210
0,342
0,209
0,334
0,208
0,361
0,207
0,457
0,206
0,360
0,205
0,340
0,204
0,717
0,203
0,469
0,202
0,727
0,201
0,842
0,200
0,734
0,199
0,761
0,198
0,755
0,197
0,502
0,196
0,353
0,195
0,194
0,952
0,193
0,351
0,192
0,63
0,372
0,62
0,325
0,61
0,352
0,60
0,867
0,59
0,890
0,58
0,889
0,57
0,722
0,56
0,55
0,473
0,54
0,359
0,53
0,714
0,52
0,721
0,51
0,765
0,50
0,471
0,49
0,48
0,764
0,47
0,484
0,46
0,324
0,45
0,496
0,6
0,5
0,304
0,303
0,306
0,305
0,302
0,447
0,12
0,452
0,10
0,697
0,8
0,451
0,11
0,4
0,2
0,3
0,7
